3.000000000000000000e+01 9.000000000000000000e+01
9.872341202307366359e+01 1.570437994267147417e+02
1.583880950293000751e+02 1.622057987802836863e+02
1.773632860497201591e+02 2.126266649896813021e+02
9.653198410010742236e+01 2.116074156949445069e+02
6.448929810492012393e+01 2.350273431555031607e+02
8.633080426711052269e+01 2.871463253818271255e+02
1.648228944366310600e+02 2.851827767315961069e+02
1.747596492178874144e+02 3.537371698208913244e+02
8.747709565684272093e+01 3.485679343542822153e+02
6.702010630628132049e+01 3.700143277973885461e+02
7.743492878290305725e+01 4.084267777835482320e+02
1.166746260881601813e+02 4.012387442113817997e+02
1.365119961480614279e+02 4.037840829131135933e+02
2.001953717897005447e+02 4.592602687793930158e+02
2.200953895740837822e+02 4.612575900307774077e+02
2.344715186500723405e+02 4.473533851707173881e+02
2.359773473087181799e+02 3.577602563462788225e+02
2.611951704874790607e+02 3.370542771838331078e+02
2.863314323727991564e+02 3.679170354571385815e+02
2.818743177565710880e+02 3.874140641871222215e+02
3.049183057907567331e+02 4.200540918116420244e+02
3.363781890473266571e+02 4.109508396953116289e+02
3.458731245710494591e+02 3.130613553039445378e+02
3.961362696991478174e+02 3.340627441992877493e+02
3.960320659026336330e+02 3.907200036353311816e+02
4.012860412383420794e+02 4.100175615940928537e+02
4.760201485079692816e+02 4.764616223566007420e+02
4.800000000000000000e+02 4.800000000000000000e+02
