30.0 90.0
43.85241017464833 104.42604354469026
59.007744628793574 117.47655455319097
74.16307908293882 130.52706556169167
89.31841353708407 143.57757657019235
92.1820211261736 163.3715087610358
112.0977816107494 161.5378009541569
132.0976882566558 161.5989086871276
152.09476162475087 161.25677317154592
166.43583012340534 175.19713738188494
168.31320006651364 195.1088294771518
183.07565409586599 208.60215934902772
172.83936851484762 225.78408175322437
152.840538091504 226.00037252590045
133.6347805682001 220.42015049124478
114.43030229045297 226.00477349369874
95.51621717248486 219.50420550695662
86.78532514238597 214.62860048206426
73.32919205271776 229.424967680574
71.69873954821378 249.3583975066365
68.60299807565775 269.11735458273483
79.56597726675622 285.8449690945396
97.88444971518038 277.81791688614294
112.03129221848764 291.955344063201
118.34793987040285 272.9790440433985
137.7836640673657 277.69631284426134
155.00032266903247 287.8740663583553
172.21698127069925 298.0518198724493
180.85885942719653 316.0883922166686
169.2981287127581 332.4086099035819
155.8039421144735 347.17028081343074
136.04644502735914 350.27532652205844
116.28349867878083 353.34549779142037
96.45868842257545 355.9868796845691
77.24219029472158 361.5300015217822
72.22958582802212 380.8916594172317
77.45241153647316 400.1976712171645
95.6782281441728 408.4329373927352
114.07590963221202 400.58912990754925
134.07085587220703 400.13954692331924
151.28584467939865 410.320124528164
169.97549116341847 417.4403151367337
180.7136857170468 434.31310914746075
170.9098809664056 451.7454185874433
189.5944831360516 458.8788358444149
209.5158909628358 460.65013768174845
229.45385418520644 459.07609113116746
234.26169475225623 439.662573441634
235.68586373423756 419.71334431590674
234.36722202720233 399.75686205954537
234.82984703666864 379.7622133229305
237.18445191458898 359.9013010611819
233.55115394785645 340.2340911450566
247.35539388289595 325.76194687353063
264.12131180445635 336.6662577755317
280.1248803279344 348.6614982697587
278.4086410366392 368.587725275768
289.0811825508831 385.5021232144102
289.1198343489566 405.5020858653379
307.75111918720506 412.7736211417464
326.3824040254535 420.0451564181549
331.12073868227867 411.239011706652
337.5737913873164 392.3086627720442
335.07244544395917 372.46569755835577
337.0768939858501 352.56639641377006
336.4087831069867 332.5775588324212
354.2120237217656 323.4646765434697
373.4570286432014 328.90800140736593
393.3822054095996 330.6363910705449
385.0672427498242 336.1916944795894
395.0359677481983 353.53022157697546
392.8778086019884 373.413439352266
398.0991435853419 392.7198543740045
398.0193206194486 412.719695080723
413.47948343805496 425.40761711792766
428.9396462566613 438.0955391551322
444.3998090752677 450.78346119233686
455.8966750284969 434.41819085379746
470.1280999071184 448.47046988334114
476.1040341600188 467.55680556636344
480.0 480.0
